# std_name  RA  DEC  V  eV  b-y  e(b-y)  m1  em1  c1  ec1  beta  e_beta  around_star  V_star
  HD1064   003.7271433 -09.5695754      5.770  0.010 -0.042  0.005  0.128  0.006  0.784  0.006  2.807  0.009  HD360     5.986
  HD561    002.5138628 -08.9741507      7.099  0.001  0.200  0.001  0.183  0.001  0.737  0.001 -9.999 -9.999  HD360     5.986
  HD63     001.3798372 -09.6174702      7.125  0.013  0.298  0.002  0.153  0.004  0.418  0.016  2.658  0.001  HD360     5.986
  HD4293   011.2377210 -42.6765596      5.937  0.010  0.184  0.003  0.166  0.001  0.813  0.004  2.749  0.006  HD3750    6.004
  HD4849   012.5156833 -43.3949204      6.496  0.001  0.168  0.001  0.210  0.001  0.817  0.001  2.765  0.001  HD3750    6.004
  HD6767   016.9493808 -41.4868992      5.216  0.005  0.093  0.005  0.178  0.013  0.919  0.010  2.849  0.001  HD3750    6.004
  HD739    002.9333714 -35.1331156      5.243  0.010  0.286  0.007  0.158  0.008  0.436  0.008  2.651  0.004  HD4211    5.877
  HD2724   007.6159379 -40.9395831      6.184  0.009  0.192  0.001  0.189  0.006  0.883  0.008  2.748  0.001  HD4211    5.877
  HD7312   018.1893073 -37.8564800      5.936  0.023  0.171  0.005  0.193  0.003  0.813  0.004  2.771  0.009  HD4211    5.877
  HD8556   021.0854164 -06.9146740      5.923  0.003  0.269  0.005  0.152  0.008  0.471  0.006  2.668  0.005  HD5722    5.618
  HD5268   013.5733056 -08.7406636      6.181  0.026  0.574  0.005  0.287  0.004  0.418  0.021  2.537  0.001  HD5722    5.618
  HD6530   016.5214473 -09.8393520      5.588  0.016 -0.001  0.004  0.153  0.007  1.106  0.005  2.881  0.012  HD5722    5.618
  HD8651   021.1699458 -41.4925442      5.427  0.000  0.631  0.004  0.410  0.008  0.406  0.001  2.566  0.002  HD8651    5.418
  HD4919   012.6716104 -50.9868144      5.221  0.001  0.212  0.006  0.202  0.004  0.791  0.004  2.722  0.012  HD9362    3.943
  HD9362   022.8129369 -49.0727050      3.948  0.002  0.597  0.003  0.370  0.006  0.391  0.029  2.569  0.002  HD9362    3.943
  HD11413  027.7268095 -50.2061368      5.946  0.001  0.104  0.009  0.148  0.022  0.968  0.017  2.828  0.002  HD9362    3.943
  HD10142  024.6145162 -36.5282506      5.920  0.036  0.620  0.034  0.409  0.005  0.417  0.036  2.607  0.001  HD10142   5.938
  HD10538  025.5124767 -36.8323036      5.698  0.015 -0.006  0.009  0.152  0.020  1.053  0.009  2.881  0.004  HD10142   5.938
  HD9065   022.1812174 -33.7639733      6.583  0.020  0.205  0.012  0.156  0.015  0.767  0.005  2.718  0.004  HD10142   5.938
  HD17848  042.2561957 -62.8065255      5.253  0.006  0.045  0.017  0.200  0.033  1.002  0.019  2.878  0.012  HD11977   4.686
  HD13709  033.2269575 -30.7238256      5.283  0.011  0.000  0.001  0.119  0.006  1.059  0.006  2.801  0.004  HD12438   5.344
  HD14412  034.7437686 -25.9456874      6.337  0.008  0.442  0.003  0.256  0.008  0.236  0.006  2.602  0.012  HD12438   5.344
  HD15633  037.6883478 +00.2557492      6.005  0.007  0.089  0.001  0.195  0.007  0.988  0.001  2.852  0.007  HD13468   5.934
  HD16287  039.1740122 -03.1561308      8.089  0.001  0.544  0.001  0.479  0.002  0.290  0.001  2.554  0.001  HD13468   5.934
  HD14459  035.0270089 -00.4587152      8.111  0.006  0.467  0.001  0.238  0.001  0.348  0.011  2.565  0.001  HD13468   5.934
  HD12583  030.7440374 -15.3059287      5.874  0.001  0.595  0.001  0.369  0.001  0.434  0.001  2.617  0.001  HD15220   5.881
  HD13692  033.2541145 -21.0001366      5.869  0.007  0.610  0.003  0.406  0.028  0.419  0.005  2.602  0.004  HD15220   5.881
  HD18071  043.3971803 -22.3763130      5.886  0.001  0.598  0.001  0.362  0.001  0.382  0.001  2.591  0.001  HD15220   5.881
  HD15588  037.4806441 -22.6831972      6.748  0.017  0.090  0.007  0.227  0.016  0.939  0.010  2.862  0.002  HD15220   5.881
  HD21722  051.4010611 -69.3364320      5.955  0.001  0.273  0.004  0.162  0.004  0.523  0.007  2.681  0.000  HD15248   6.001
  HD20335  047.5805734 -74.2970894      6.902  0.001  0.338  0.001  0.149  0.001  0.384  0.001  2.641  0.001  HD15248   6.001
  HD15633  037.6883478 +00.2557492      6.005  0.007  0.089  0.001  0.195  0.007  0.988  0.001  2.852  0.007  HD15779   5.357
  HD14690  035.5516500 -00.8848545      5.514  0.122  0.196  0.002  0.174  0.004  0.868  0.008  2.728  0.004  HD15779   5.357
  HD16975  040.5275328 -38.3836872      5.963  0.001  0.520  0.001  0.337  0.001  0.388  0.001  2.615  0.001  HD16815   4.109
  HD18149  043.3933252 -38.4370021      5.920  0.014  0.285  0.001  0.163  0.005  0.549  0.018  2.665  0.000  HD16815   4.109
  HD16046  038.4612910 -28.2323454      4.951  0.035 -0.017  0.013  0.126  0.002  0.963  0.004  2.848  0.008  HD17652   4.456
  HD20606  049.5108165 -28.7970815      5.926  0.001  0.202  0.001  0.175  0.001  0.751  0.001  2.738  0.001  HD17652   4.456
  HD15417  039.2442039 -34.5779783      5.778  0.003  0.413  0.001  0.208  0.002  0.386  0.008  2.639  0.001  HD17652   4.456
  HD14802  035.6351131 -23.8163167      5.191  0.007  0.387  0.002  0.191  0.011  0.380  0.008  2.592  0.023  HD17824   4.764
  HD18454  044.3490277 -23.8621670      5.469  0.063  0.133  0.001  0.215  0.006  0.861  0.008  2.823  0.001  HD17824   4.764
  HD20894  050.3500412 -23.6351430      5.468  0.038  0.546  0.006  0.317  0.011  0.419  0.017  2.608  0.001  HD17824   4.764
  HD21665  052.4130744 -06.8044540      5.947  0.064  0.626  0.004  0.403  0.013  0.427  0.004  2.605  0.009  HD18784   5.748
  HD18885  045.4838268 -09.9614080      5.806  0.033  0.643  0.034  0.484  0.016  0.378  0.030  2.606  0.001  HD18784   5.748
  HD20395  049.1490126 -09.1546360      6.132  0.028  0.266  0.008  0.154  0.008  0.470  0.004  2.668  0.007  HD18784   5.748
  HD23958  056.9567350 -36.1057849      6.205  0.018 -0.049  0.002  0.116  0.005  0.683  0.002  2.751  0.008  HD23319   4.583
  HD21899  052.5565780 -41.3699370      6.082  0.048  0.319  0.004  0.167  0.004  0.445  0.006  2.658  0.020  HD23319   4.583
  HD21933  053.1497892 +09.3734376      5.770  0.011 -0.031  0.002  0.117  0.003  0.735  0.011  2.786  0.004  HD23526   5.909
  HD25102  059.9187383 +10.3303946      6.362  0.025  0.272  0.001  0.171  0.002  0.478  0.001  2.674  0.004  HD23526   5.909
  HD22211  053.7045052 +06.4176907      6.485  0.030  0.409  0.004  0.183  0.007  0.452  0.016  2.615  0.003  HD23526   5.909
  HD20606  049.5108165 -28.7970815      5.926  0.001  0.202  0.001  0.175  0.001  0.751  0.001  2.738  0.001  HD23940   5.543
  HD22789  054.6986370 -27.9430536      6.002  0.018 -0.021  0.008  0.142  0.013  1.069  0.015  2.859  0.003  HD23940   5.543
  HD20853  050.1883468 -26.6065052      6.365  0.054  0.349  0.001  0.171  0.002  0.424  0.008  2.644  0.025  HD23940   5.543
  HD27563  065.1784754 -07.5924935      5.852  0.002 -0.050  0.001  0.095  0.001  0.525  0.001  2.702  0.002  HD26464  -9.999
  HD24833  059.1316700 -10.8531332      6.571  0.020  0.320  0.005  0.167  0.009  0.470  0.011  2.630  0.001  HD26464  -9.999
  HD25165  059.8755523 -12.5744199      5.526  0.045  0.914  0.011  0.735  0.066  0.411  0.041  2.594  0.001  HD26464  -9.999
  HD30127  071.0332549 -18.6665837      5.542  0.002  0.012  0.008  0.153  0.016  1.108  0.001  2.889  0.004  HD30814   5.041
  HD34721  079.7103021 -18.1300469      5.956  0.006  0.365  0.004  0.181  0.014  0.365  0.003  2.590  0.029  HD30814   5.041
  HD34538  079.4176728 -13.5198263      5.507  0.001  0.591  0.001  0.368  0.001  0.387  0.001  2.532  0.001  HD30814   5.041
  HD37635  084.8785104 -09.7066304      6.500  0.001 -0.050  0.004  0.111  0.007  0.491  0.004  2.724  0.013  HD35369  -9.999
  HD38858  087.1455884 -04.0946431      5.972  0.006  0.401  0.001  0.199  0.005  0.283  0.007  2.594  0.001  HD35369  -9.999
  HD32147  075.2041675 -05.7536799      6.205  0.013  0.604  0.007  0.626  0.014  0.244  0.016  2.529  0.001  HD35369  -9.999
  HD42054  091.7652861 -34.3120208      5.882  0.025 -0.053  0.006  0.090  0.001  0.411  0.047  2.601  0.018  HD36874   5.768
  HD41667  091.2651883 -32.9940914      8.534  0.003  0.615  0.012  0.287  0.001  0.388  0.001  2.523  0.001  HD36874   5.768
  HD40292  088.7087170 -52.6354812      5.283  0.017  0.179  0.003  0.183  0.008  0.749  0.009  2.746  0.003  HD39523   4.500
  HD33262  076.3777317 -57.4727021      4.703  0.005  0.339  0.004  0.163  0.006  0.325  0.011  2.613  0.007  HD39523   4.500
  HD41214  090.2048766 -51.2163185      5.649  0.013  0.109  0.008  0.231  0.001  0.930  0.001  2.851  0.010  HD39640   5.163
  HD46569  097.8263207 -51.8259534      5.589  0.008  0.342  0.004  0.172  0.009  0.449  0.009  2.633  0.005  HD39640   5.163
  HD44756  095.8449777 -04.6875059      6.668  0.003  0.031  0.006  0.178  0.017  0.910  0.029  2.875  0.004  HD39910   5.863
  HD42278  092.4010581 -05.7114293      6.184  0.023  0.225  0.004  0.151  0.002  0.669  0.006  2.694  0.002  HD39910   5.863
  HD38858  087.1455884 -04.0946431      5.972  0.006  0.401  0.001  0.199  0.005  0.283  0.007  2.594  0.001  HD39910   5.863
  HD43112  093.7852990 +13.8510962      5.927  0.011 -0.109  0.010  0.095  0.002 -0.018  0.011  2.616  0.006  HD40020   5.876
  HD42089  092.2802016 +07.5135276      6.656  0.047  0.595  0.001  0.334  0.040  0.524  0.029  2.622  0.001  HD40020   5.876
  HD42054  091.7652861 -34.3120208      5.882  0.025 -0.053  0.006  0.090  0.001  0.411  0.047  2.601  0.018  HD43899   5.557
  HD38385  085.8757703 -39.4069092      6.247  0.001  0.234  0.001  0.159  0.001  0.606  0.001  2.700  0.001  HD43899   5.557
  HD48434  100.9110235 +03.9325306      5.859  0.001  0.070  0.001 -0.001  0.004 -0.069  0.002  2.570  0.003  HD45415  -9.999
  HD45067  096.3189426 -00.9458840      5.881  0.010  0.361  0.003  0.168  0.004  0.394  0.006  2.611  0.002  HD45415  -9.999
  HD45674  097.1960942 -00.5724052      6.521  0.011  0.610  0.006  0.024  0.028  1.453  0.004  2.743  0.001  HD45415  -9.999
  HD51557  102.8624440 -70.9634103      5.411  0.001 -0.049  0.000  0.106  0.002  0.685  0.003  2.741  0.004  HD46116   5.373
  HD55864  107.1765778 -70.4971067      5.722  0.025  0.275  0.001  0.176  0.001  0.538  0.001  2.674  0.001  HD46116   5.373
  HD44447  093.7750682 -71.7027674      6.613  0.001  0.369  0.001  0.158  0.001  0.335  0.001  2.599  0.001  HD46116   5.373
  HD57118  109.7580022 -19.2803020      6.085  0.013  0.422  0.003  0.090  0.011  1.478  0.033  2.692  0.004  HD53629   6.085
  HD52273  104.9135622 -21.6028891      6.267  0.001 -0.060  0.007  0.073  0.005  0.176  0.005  2.603  0.016  HD53629   6.085
  HD57703  110.7691909 +18.2734105      6.782  0.002  0.289  0.004  0.152  0.001  0.438  0.002  2.665  0.001  HD54131  -9.999
  HD57146  109.7136382 -26.5858520      5.299  0.002  0.595  0.006  0.359  0.015  0.463  0.024  2.619  0.007  HD56160   5.580
  HD52619  105.1771375 -28.4895803      6.293  0.000  0.294  0.004  0.160  0.001  0.521  0.001  2.657  0.007  HD56160   5.580
  HD65189  118.7517699 -52.5833296      6.373  0.023  0.036  0.001  0.080  0.004  0.824  0.011  2.739  0.007  HD60060   5.872
  HD62848  115.8395164 -52.1641267      6.695  0.008  0.354  0.005  0.178  0.013  0.355  0.007  2.642  0.001  HD60060   5.872
  HD57118  109.7580022 -19.2803020      6.085  0.013  0.422  0.003  0.090  0.011  1.478  0.033  2.692  0.004  HD60341   5.645
  HD58439  111.2120106 -19.0122800      6.235  0.004  0.261  0.005  0.001  0.010  1.225  0.005  2.654  0.001  HD60341   5.645
  HD63754  117.4385930 -20.2076233      6.550  0.000  0.358  0.001  0.198  0.001  0.431  0.001  2.634  0.006  HD60341   5.645
  HD60345  113.2907273 -24.7107365      5.844  0.001  0.074  0.001  0.211  0.001  1.032  0.001  2.854  0.001  HD62412  -9.999
  HD65813  119.8765021 -28.4332166      7.667  0.006  0.211  0.004  0.168  0.006  0.740  0.009  2.722  0.010  HD62412  -9.999
  HD64287  117.8347426 -43.0952338      6.323  0.033 -0.083  0.005  0.094  0.002  0.196  0.006  2.628  0.029  HD62713   5.134
  HD60813  113.6132181 -42.3990266      7.307  0.001  0.115  0.001  0.177  0.001  1.102  0.001  2.817  0.001  HD62713   5.134
  HD70574  125.6256810 -06.1791538      6.146  0.042  0.128  0.003  0.211  0.009  0.863  0.013  2.816  0.006  HD68312   5.359
  HD66242  120.6082066 -06.3371353      6.329  0.021  0.387  0.009  0.202  0.020  0.435  0.016  2.605  0.002  HD68312   5.359
  HD67159  121.6142112 -09.2444556      6.248  0.017 -0.001  0.001  0.111  0.013  0.988  0.018  2.817  0.011  HD68312   5.359
  HD78548  136.6417927 -55.8024105      6.099  0.002 -0.046  0.006  0.084  0.011  0.294  0.004  2.655  0.006  HD74622   6.279
  HD72322  127.4016153 -55.1909310      6.351  0.001  0.495  0.001  0.297  0.001  0.543  0.001  2.620  0.001  HD74622   6.279
  HD78293  136.1998638 -57.8525599      6.432  0.001  0.159  0.004  0.172  0.010  1.107  0.013  2.775  0.000  HD74622   6.279
  HD74190  130.5408836 -11.9660070      6.472  0.001  0.076  0.001  0.205  0.001  0.993  0.001  2.861  0.001  HD75916   6.117
  HD75666  132.7296069 -13.6820729      8.115  0.001  0.169  0.001  0.199  0.001  0.902  0.001  2.768  0.001  HD75916   6.117
  HD179520 288.4848221 -26.8762553      7.111  0.001  0.253  0.001  0.144  0.001  0.518  0.001  2.683  0.001  HD176704  5.645
  HD176425 285.5355035 -41.9105013      6.233  0.025 -0.007  0.009  0.144  0.002  1.019  0.011  2.891  0.013  HD177873 -9.999
  HD175529 284.3933128 -39.8232020      6.298  0.011  0.124  0.006  0.176  0.018  0.887  0.005  2.828  0.014  HD177873 -9.999
  HD175348 284.1970828 -39.5079364      7.624  0.001  0.560  0.001  0.247  0.001  0.450  0.001  2.566  0.001  HD177873 -9.999
  HD191349 302.8158090 -43.6622934      6.547  0.001  0.547  0.009  0.312  0.020  0.425  0.031  2.570  0.003  HD191584  6.211
  HD189563 300.6509382 -45.1960161      6.566  0.000  0.746  0.004  0.566  0.016  0.328  0.001  2.559  0.005  HD191584  6.211
  HD192758 304.5657895 -42.8600776      7.017  0.002  0.209  0.001  0.171  0.005  0.640  0.008  2.737  0.006  HD191584  6.211
  HD220894 351.9062113 -33.6280286      7.515  0.001  0.343  0.001  0.165  0.001  0.367  0.001  2.631  0.001  HD219784  4.412
  HD217745 345.7946502 -31.1428415      7.926  0.001  0.192  0.001  0.181  0.001  0.698  0.001  2.750  0.001  HD219784  4.412
  HD221351 352.9208286 -31.3362572      8.476  0.001  0.206  0.001  0.144  0.001  0.681  0.001  2.739  0.001  HD219784  4.412
  HD221738 353.7588726 -56.8253528      6.727  0.002  0.237  0.001  0.172  0.002  0.706  0.012  2.700  0.001  HD220572  5.605
  HD219458 349.1061866 -55.5269301      6.931  0.001  0.282  0.005  0.164  0.010  0.499  0.010  2.675  0.001  HD220572  5.605
  HD223125 356.7533677 -55.4082469      7.644  0.011  0.334  0.006  0.167  0.002  0.369  0.015  2.639  0.001  HD220572  5.605
  HD205289 323.7127089 -20.0842793      5.749  0.042  0.274  0.001  0.136  0.010  0.471  0.015  2.664  0.005  HD204381  4.501
  HD205306 323.7290600 -20.2527194      6.741  0.001  0.321  0.001  0.160  0.001  0.455  0.001  2.638  0.001  HD204381  4.501
